-0.162399216530213 -0.404906509934212 -0.280486263994762 -0.245282891843040 -0.137207242706420 0.162522670752763 0.273126982665768 0.304574926204524 -0.626583540480767 -0.256184226424901
-0.042847797948136 -0.242630774129509 -0.058456097709739 -0.527213762062318 -0.002540005836990 -0.424726350424618 -0.447961706424567 -0.476129241562887 -0.046279060797324 -0.219119799315235
0.643642503365950 0.172028918895932 -0.312994840509659 -0.073693983102387 -0.313111506554425 0.357183718972209 -0.230499640213668 -0.215721622245058 -0.255215845221413 0.249627223801409
0.436419331353467 -0.310935699955949 0.668220147171817 0.006889584751947 0.282686487065844 0.224795559611887 0.150830325251316 -0.195481442182372 -0.154536300042257 -0.225837515428239
-0.288707328384784 -0.014331182542705 0.197624459384461 0.349897926376449 0.079530143285424 -0.190864959682568 -0.135209455045609 -0.258950036239817 -0.602905460245847 0.513198325593615
-0.108330692290060 -0.044404066973451 -0.061571266919662 -0.532597078160683 0.563414787842166 0.313903182080266 -0.005334221265496 0.106748412933006 0.090666349106537 0.513056113937746
0.145436468740052 0.294051184607522 0.359640841752494 -0.194564659305529 -0.042650517406024 -0.199830796289102 -0.455068983672712 0.652593639669521 -0.221930072275147 -0.034850874961757
-0.200199482994052 -0.316047010804648 -0.120529591869347 0.363056442941200 0.161170129831021 0.457938247308777 -0.649922405539964 0.078859355471672 0.089626443508007 -0.203378983798509
0.458487721306862 -0.332844523023279 -0.369467580196113 0.278300905114403 0.415110645397110 -0.477944120990662 0.010585908147633 0.233117343591795 0.015713447395830 0.097957877812719
0.022869311057190 -0.592951662906448 0.224064157850201 -0.056557004787542 -0.528530286034634 -0.045228831383105 -0.030709355866228 0.175769592980087 0.294934857227662 0.440757738035818
